{
  "version": 2,
  "scenario": "office_desk",
  "scene_id": "001",
  "arrangement": "messy",
  "template": "office_desk",
  "table": {
    "length": 1.2,
    "width": 0.7,
    "height": 0.74,
    "thickness": 0.05
  },
  "table_texture": null,
  "wall_texture": null,
  "manifest": [
    {
      "slot": "laptop-1",
      "role": "laptop",
      "asset_id": "robotwin:glb:015_laptop:5"
    },
    {
      "slot": "keyboard-1",
      "role": "keyboard",
      "asset_id": "robotwin:glb:116_keyboard:3"
    },
    {
      "slot": "mouse-1",
      "role": "mouse",
      "asset_id": "robotwin:glb:047_mouse:2"
    },
    {
      "slot": "lamp-1",
      "role": "lamp",
      "asset_id": "objaverse:glb:table_lamp:4"
    },
    {
      "slot": "pen-1",
      "role": "pen",
      "asset_id": "robotwin:glb:093_brush-pen:0"
    },
    {
      "slot": "pen-2",
      "role": "pen",
      "asset_id": "robotwin:glb:058_markpen:4"
    },
    {
      "slot": "book-1",
      "role": "book",
      "asset_id": "robotwin:glb:092_notebook:0"
    },
    {
      "slot": "book-2",
      "role": "book",
      "asset_id": "robotwin:glb:043_book:1"
    },
    {
      "slot": "plant-1",
      "role": "plant",
      "asset_id": "robotwin:glb:012_plant-pot:0"
    },
    {
      "slot": "calculator-1",
      "role": "calculator",
      "asset_id": "robotwin:glb:017_calculator:4"
    }
  ],
  "items": [
    {
      "slot": "laptop-1",
      "asset_id": "robotwin:glb:015_laptop:5",
      "transform": [
        [
          0.9780687689781189,
          0.20828235149383545,
          -2.9638469456472194e-08,
          0.16776204109191895
        ],
        [
          -0.20828235149383545,
          0.9780687689781189,
          3.1208062800658354e-09,
          0.07312794774770737
        ],
        [
          2.9638469456472194e-08,
          3.1208062800658354e-09,
          1.0,
          0.8036438226699829
        ],
        [
          0.0,
          0.0,
          0.0,
          1.0
        ]
      ]
    },
    {
      "slot": "keyboard-1",
      "asset_id": "robotwin:glb:116_keyboard:3",
      "transform": [
        [
          -0.9535502195358276,
          0.30123406648635864,
          2.9454204408807527e-08,
          -0.2483109086751938
        ],
        [
          -0.30123406648635864,
          -0.9535502195358276,
          4.541787390621721e-09,
          0.044576019048690796
        ],
        [
          2.9454204408807527e-08,
          -4.541787390621721e-09,
          1.0,
          0.7418678402900696
        ],
        [
          0.0,
          0.0,
          0.0,
          1.0
        ]
      ]
    },
    {
      "slot": "mouse-1",
      "asset_id": "robotwin:glb:047_mouse:2",
      "transform": [
        [
          -0.8046503067016602,
          -0.5937493443489075,
          3.725645569829794e-08,
          -0.5214260220527649
        ],
        [
          0.5937493443489075,
          -0.8046503067016602,
          1.1323781023975243e-07,
          0.12588751316070557
        ],
        [
          -3.725645569829794e-08,
          1.1323781023975243e-07,
          1.0,
          0.7409930229187012
        ],
        [
          0.0,
          0.0,
          0.0,
          1.0
        ]
      ]
    },
    {
      "slot": "lamp-1",
      "asset_id": "objaverse:glb:table_lamp:4",
      "transform": [
        [
          1.0,
          -6.354954962262127e-08,
          -2.140269828032615e-08,
          0.45959967374801636
        ],
        [
          6.354954962262127e-08,
          1.0,
          -6.800659185706511e-16,
          0.274078369140625
        ],
        [
          2.140269828032615e-08,
          -6.800659185706511e-16,
          1.0,
          0.7407559156417847
        ],
        [
          0.0,
          0.0,
          0.0,
          1.0
        ]
      ]
    },
    {
      "slot": "pen-2",
      "asset_id": "robotwin:glb:058_markpen:4",
      "transform": [
        [
          0.9999741911888123,
          -0.007180484011769295,
          -3.225756728397755e-08,
          0.46683913469314575
        ],
        [
          0.007180484011769295,
          0.9999741911888123,
          7.931447498776834e-09,
          -0.11042052507400513
        ],
        [
          3.219978594870554e-08,
          -8.16286771510022e-09,
          1.0,
          0.7494188547134399
        ],
        [
          0.0,
          0.0,
          0.0,
          1.0
        ]
      ]
    },
    {
      "slot": "book-1",
      "asset_id": "robotwin:glb:092_notebook:0",
      "transform": [
        [
          0.6867024898529053,
          0.7269386053085327,
          9.436337933266259e-08,
          -0.24832910299301147
        ],
        [
          -0.7269386053085327,
          0.6867024898529053,
          2.1894967972002632e-07,
          -0.19210106134414673
        ],
        [
          9.436337933266259e-08,
          -2.1894967972002632e-07,
          1.0,
          0.741529107093811
        ],
        [
          0.0,
          0.0,
          0.0,
          1.0
        ]
      ]
    },
    {
      "slot": "plant-1",
      "asset_id": "robotwin:glb:012_plant-pot:0",
      "transform": [
        [
          0.3279532194137573,
          0.9446940422058105,
          -4.856869750824444e-08,
          -0.2609022557735443
        ],
        [
          -0.9446940422058105,
          0.3279532194137573,
          3.455133423813095e-08,
          0.23290829360485077
        ],
        [
          4.856869750824444e-08,
          3.455133423813095e-08,
          1.0,
          0.7417316436767578
        ],
        [
          0.0,
          0.0,
          0.0,
          1.0
        ]
      ]
    },
    {
      "slot": "calculator-1",
      "asset_id": "robotwin:glb:017_calculator:4",
      "transform": [
        [
          -0.4260897636413574,
          -0.9046810269355774,
          0.0,
          0.3598048985004425
        ],
        [
          0.9046810269355774,
          -0.4260897636413574,
          0.0,
          -0.20497456192970276
        ],
        [
          0.0,
          0.0,
          1.0,
          0.739208459854126
        ],
        [
          0.0,
          0.0,
          0.0,
          1.0
        ]
      ]
    }
  ]
}