{
  "version": 2,
  "scenario": "office_desk",
  "scene_id": "020",
  "arrangement": "messy",
  "template": "office_desk",
  "table": {
    "length": 1.2,
    "width": 0.7,
    "height": 0.74,
    "thickness": 0.05
  },
  "table_texture": null,
  "wall_texture": null,
  "manifest": [
    {
      "slot": "laptop-1",
      "role": "laptop",
      "asset_id": "robotwin:glb:015_laptop:6"
    },
    {
      "slot": "mouse-1",
      "role": "mouse",
      "asset_id": "robotwin:glb:047_mouse:2"
    },
    {
      "slot": "book-1",
      "role": "book",
      "asset_id": "robotwin:glb:092_notebook:1"
    },
    {
      "slot": "plant-1",
      "role": "plant",
      "asset_id": "robotwin:glb:012_plant-pot:2"
    },
    {
      "slot": "phone-1",
      "role": "phone",
      "asset_id": "robotwin:glb:077_phone:0"
    }
  ],
  "items": [
    {
      "slot": "laptop-1",
      "asset_id": "robotwin:glb:015_laptop:6",
      "transform": [
        [
          -0.6069298982620239,
          -0.7947555780410767,
          -2.642409846487226e-08,
          0.14340616762638092
        ],
        [
          0.7947555780410767,
          -0.6069298982620239,
          -5.3427335444666824e-08,
          0.11213142424821854
        ],
        [
          2.642409846487226e-08,
          -5.3427335444666824e-08,
          1.0,
          0.7796093225479126
        ],
        [
          0.0,
          0.0,
          0.0,
          1.0
        ]
      ]
    },
    {
      "slot": "mouse-1",
      "asset_id": "robotwin:glb:047_mouse:2",
      "transform": [
        [
          0.9998000264167786,
          0.019998444244265556,
          2.6078367243442813e-10,
          0.012330425903201103
        ],
        [
          -0.019998444244265556,
          0.9998000264167786,
          1.192126006799299e-07,
          -0.061003055423498154
        ],
        [
          2.1233350633309556e-09,
          -1.1919397024939826e-07,
          1.0,
          0.7409930229187012
        ],
        [
          0.0,
          0.0,
          0.0,
          1.0
        ]
      ]
    },
    {
      "slot": "plant-1",
      "asset_id": "robotwin:glb:012_plant-pot:2",
      "transform": [
        [
          -0.06955265998840332,
          -0.9975783228874207,
          7.544304736484264e-08,
          -0.14398342370986938
        ],
        [
          0.9975783228874207,
          -0.06955265998840332,
          2.5566112071828684e-07,
          -0.23476265370845795
        ],
        [
          -2.497947377833043e-07,
          9.30422388023544e-08,
          1.0,
          0.7415363192558289
        ],
        [
          0.0,
          0.0,
          0.0,
          1.0
        ]
      ]
    },
    {
      "slot": "phone-1",
      "asset_id": "robotwin:glb:077_phone:0",
      "transform": [
        [
          0.9027085900306702,
          -0.43025243282318115,
          0.0,
          0.1514219492673874
        ],
        [
          0.43025243282318115,
          0.9027085900306702,
          0.0,
          -0.15858671069145203
        ],
        [
          0.0,
          0.0,
          1.0,
          0.7413435578346252
        ],
        [
          0.0,
          0.0,
          0.0,
          1.0
        ]
      ]
    },
    {
      "slot": "book-1",
      "asset_id": "robotwin:glb:092_notebook:1",
      "transform": [
        [
          -0.7647219896316528,
          -0.6443606019020081,
          4.8438067778988625e-08,
          -0.28800880908966064
        ],
        [
          0.6443606019020081,
          -0.7647219896316528,
          4.576730106009563e-08,
          0.01987443119287491
        ],
        [
          7.551001601768803e-09,
          6.621083770141922e-08,
          1.0,
          0.7416059374809265
        ],
        [
          0.0,
          0.0,
          0.0,
          1.0
        ]
      ]
    }
  ]
}