{
  "version": 2,
  "scenario": "office_desk",
  "scene_id": "002",
  "arrangement": "messy",
  "template": "office_desk",
  "table": {
    "length": 1.2,
    "width": 0.7,
    "height": 0.74,
    "thickness": 0.05
  },
  "table_texture": null,
  "wall_texture": null,
  "manifest": [
    {
      "slot": "display-1",
      "role": "display",
      "asset_id": "robotwin:glb:097_screen:3"
    },
    {
      "slot": "keyboard-1",
      "role": "keyboard",
      "asset_id": "robotwin:glb:116_keyboard:0"
    },
    {
      "slot": "mouse-1",
      "role": "mouse",
      "asset_id": "robotwin:glb:047_mouse:1"
    },
    {
      "slot": "lamp-1",
      "role": "lamp",
      "asset_id": "objaverse:glb:table_lamp:6"
    },
    {
      "slot": "pen-1",
      "role": "pen",
      "asset_id": "robotwin:glb:093_brush-pen:1"
    },
    {
      "slot": "book-1",
      "role": "book",
      "asset_id": "robotwin:glb:092_notebook:2"
    },
    {
      "slot": "phone-1",
      "role": "phone",
      "asset_id": "robotwin:glb:077_phone:1"
    }
  ],
  "items": [
    {
      "slot": "display-1",
      "asset_id": "robotwin:glb:097_screen:3",
      "transform": [
        [
          1.0,
          1.1575974206978756e-10,
          -4.887633700545457e-11,
          -0.015575935132801533
        ],
        [
          -1.1575974206978756e-10,
          1.0,
          2.8289560793442208e-21,
          0.1540071964263916
        ],
        [
          4.887633700545457e-11,
          2.8289560793442208e-21,
          1.0,
          0.7399999499320984
        ],
        [
          0.0,
          0.0,
          0.0,
          1.0
        ]
      ]
    },
    {
      "slot": "keyboard-1",
      "asset_id": "robotwin:glb:116_keyboard:0",
      "transform": [
        [
          0.38715052604675293,
          -0.9220165014266968,
          2.978366353545425e-07,
          -0.2660072147846222
        ],
        [
          0.9220165014266968,
          0.38715052604675293,
          1.979671964136287e-07,
          -0.09062089771032333
        ],
        [
          -2.978366353545425e-07,
          1.979671964136287e-07,
          1.0,
          0.7427604794502258
        ],
        [
          0.0,
          0.0,
          0.0,
          1.0
        ]
      ]
    },
    {
      "slot": "mouse-1",
      "asset_id": "robotwin:glb:047_mouse:1",
      "transform": [
        [
          0.047758400440216064,
          0.9988589286804199,
          -1.2338428234670573e-07,
          -0.026064855977892876
        ],
        [
          -0.9988589286804199,
          0.047758400440216064,
          -1.2942460614340234e-07,
          -0.2504563331604004
        ],
        [
          -1.2338428234670573e-07,
          1.2942460614340234e-07,
          1.0,
          0.7406829595565796
        ],
        [
          0.0,
          0.0,
          0.0,
          1.0
        ]
      ]
    },
    {
      "slot": "lamp-1",
      "asset_id": "objaverse:glb:table_lamp:6",
      "transform": [
        [
          1.0,
          2.7035047978074545e-08,
          -7.520528200188892e-09,
          0.5174225568771362
        ],
        [
          -2.7035047978074545e-08,
          1.0,
          -1.1920926112907182e-07,
          0.22562360763549805
        ],
        [
          7.520524647475213e-09,
          1.1920926112907182e-07,
          1.0,
          0.7400000095367432
        ],
        [
          0.0,
          0.0,
          0.0,
          1.0
        ]
      ]
    },
    {
      "slot": "phone-1",
      "asset_id": "robotwin:glb:077_phone:1",
      "transform": [
        [
          0.5488138198852539,
          0.8359445929527283,
          0.0,
          0.3902536928653717
        ],
        [
          -0.8359445929527283,
          0.5488138198852539,
          -0.0,
          0.11684181541204453
        ],
        [
          -0.0,
          0.0,
          1.0,
          0.7413302063941956
        ],
        [
          0.0,
          0.0,
          0.0,
          1.0
        ]
      ]
    },
    {
      "slot": "pen-1",
      "asset_id": "robotwin:glb:093_brush-pen:1",
      "transform": [
        [
          -0.2772800922393799,
          0.9607890248298645,
          -7.166050863816054e-08,
          0.042431995272636414
        ],
        [
          -0.9607890248298645,
          -0.2772800922393799,
          9.526601729703543e-08,
          -0.05925725772976875
        ],
        [
          7.166050863816054e-08,
          9.526601729703543e-08,
          1.0,
          0.7407682538032532
        ],
        [
          0.0,
          0.0,
          0.0,
          1.0
        ]
      ]
    },
    {
      "slot": "book-1",
      "asset_id": "robotwin:glb:092_notebook:2",
      "transform": [
        [
          -0.9963748455047607,
          -0.08507060259580612,
          -1.3703338908044316e-08,
          -0.42466357350349426
        ],
        [
          0.08507060259580612,
          -0.9963748455047607,
          -5.907479305733432e-08,
          0.07289068400859833
        ],
        [
          -8.628134651189612e-09,
          -6.002639452162839e-08,
          1.0,
          0.7417060136795044
        ],
        [
          0.0,
          0.0,
          0.0,
          1.0
        ]
      ]
    }
  ]
}