{
  "version": 2,
  "scenario": "office_desk",
  "scene_id": "019",
  "arrangement": "messy",
  "template": "office_desk",
  "table": {
    "length": 1.2,
    "width": 0.7,
    "height": 0.74,
    "thickness": 0.05
  },
  "table_texture": null,
  "wall_texture": null,
  "manifest": [
    {
      "slot": "laptop-1",
      "role": "laptop",
      "asset_id": "robotwin:glb:015_laptop:0"
    },
    {
      "slot": "plant-1",
      "role": "plant",
      "asset_id": "robotwin:glb:012_plant-pot:3"
    }
  ],
  "items": [
    {
      "slot": "laptop-1",
      "asset_id": "robotwin:glb:015_laptop:0",
      "transform": [
        [
          -0.5066580772399902,
          -0.8621470928192139,
          -5.920646373169802e-08,
          -0.22238297760486603
        ],
        [
          0.8621470928192139,
          -0.5066580772399902,
          -1.0346714418574265e-07,
          0.0319155678153038
        ],
        [
          5.920646373169802e-08,
          -1.0346714418574265e-07,
          1.0,
          0.7885542511940002
        ],
        [
          0.0,
          0.0,
          0.0,
          1.0
        ]
      ]
    },
    {
      "slot": "plant-1",
      "asset_id": "robotwin:glb:012_plant-pot:3",
      "transform": [
        [
          -0.9659221172332764,
          -0.25883251428604126,
          -2.9547328139756246e-08,
          0.12376385927200317
        ],
        [
          0.25883251428604126,
          -0.9659221172332764,
          3.890189503863439e-09,
          -0.011031870730221272
        ],
        [
          -2.9547328139756246e-08,
          -3.890189503863439e-09,
          1.0,
          0.7417038083076477
        ],
        [
          0.0,
          0.0,
          0.0,
          1.0
        ]
      ]
    }
  ]
}