{
  "version": 2,
  "scenario": "office_desk",
  "scene_id": "003",
  "arrangement": "messy",
  "template": "office_desk",
  "table": {
    "length": 1.2,
    "width": 0.7,
    "height": 0.74,
    "thickness": 0.05
  },
  "table_texture": null,
  "wall_texture": null,
  "manifest": [
    {
      "slot": "display-1",
      "role": "display",
      "asset_id": "robotwin:glb:097_screen:2"
    },
    {
      "slot": "keyboard-1",
      "role": "keyboard",
      "asset_id": "robotwin:glb:116_keyboard:1"
    },
    {
      "slot": "mouse-1",
      "role": "mouse",
      "asset_id": "robotwin:glb:047_mouse:1"
    },
    {
      "slot": "book-1",
      "role": "book",
      "asset_id": "robotwin:glb:092_notebook:1"
    },
    {
      "slot": "plant-1",
      "role": "plant",
      "asset_id": "robotwin:glb:120_plant:0"
    },
    {
      "slot": "phone-1",
      "role": "phone",
      "asset_id": "robotwin:glb:077_phone:4"
    }
  ],
  "items": [
    {
      "slot": "display-1",
      "asset_id": "robotwin:glb:097_screen:2",
      "transform": [
        [
          1.0,
          -1.969523936301565e-12,
          -1.969524369982434e-12,
          0.020990919321775436
        ],
        [
          1.969524369982434e-12,
          1.0,
          1.1920928955078125e-07,
          0.1978236436843872
        ],
        [
          1.969523936301565e-12,
          -1.1920928955078125e-07,
          1.0,
          0.7400000095367432
        ],
        [
          0.0,
          0.0,
          0.0,
          1.0
        ]
      ]
    },
    {
      "slot": "keyboard-1",
      "asset_id": "robotwin:glb:116_keyboard:1",
      "transform": [
        [
          0.7846221923828125,
          0.6199743151664734,
          -1.9559852404427147e-08,
          0.004492270294576883
        ],
        [
          -0.6199743151664734,
          0.7846221923828125,
          -5.630386823440858e-08,
          -0.10616278648376465
        ],
        [
          -1.9559852404427147e-08,
          5.630386823440858e-08,
          1.0,
          0.7412409782409668
        ],
        [
          0.0,
          0.0,
          0.0,
          1.0
        ]
      ]
    },
    {
      "slot": "mouse-1",
      "asset_id": "robotwin:glb:047_mouse:1",
      "transform": [
        [
          0.832667350769043,
          0.5537734627723694,
          -2.3193788223352385e-08,
          0.3295837938785553
        ],
        [
          -0.5537734627723694,
          0.832667350769043,
          -1.7979051847305527e-07,
          0.14312744140625
        ],
        [
          -8.025050135529455e-08,
          1.6254979584573448e-07,
          1.0,
          0.7406829595565796
        ],
        [
          0.0,
          0.0,
          0.0,
          1.0
        ]
      ]
    },
    {
      "slot": "book-1",
      "asset_id": "robotwin:glb:092_notebook:1",
      "transform": [
        [
          -0.2344379425048828,
          0.9721311926841736,
          6.936367071830318e-07,
          0.4472430348396301
        ],
        [
          -0.9721311926841736,
          -0.2344379425048828,
          -5.917794965171197e-07,
          -0.15865576267242432
        ],
        [
          -4.1267253436672036e-07,
          -8.130413675644377e-07,
          1.0,
          0.741560161113739
        ],
        [
          0.0,
          0.0,
          0.0,
          1.0
        ]
      ]
    },
    {
      "slot": "phone-1",
      "asset_id": "robotwin:glb:077_phone:4",
      "transform": [
        [
          0.49012506008148193,
          0.8716521859169006,
          5.5819661781697505e-08,
          0.3377082943916321
        ],
        [
          -0.8716521859169006,
          0.49012506008148193,
          3.6401360148374806e-08,
          0.0004460088675841689
        ],
        [
          4.370706463419083e-09,
          -6.649654693546836e-08,
          1.0,
          0.7413517236709595
        ],
        [
          0.0,
          0.0,
          0.0,
          1.0
        ]
      ]
    },
    {
      "slot": "plant-1",
      "asset_id": "robotwin:glb:120_plant:0",
      "transform": [
        [
          -0.31157588958740234,
          0.9502212405204773,
          0.0,
          -0.2770017683506012
        ],
        [
          -0.9502212405204773,
          -0.31157588958740234,
          -0.0,
          -0.08691811561584473
        ],
        [
          -0.0,
          0.0,
          1.0,
          0.7413918972015381
        ],
        [
          0.0,
          0.0,
          0.0,
          1.0
        ]
      ]
    }
  ]
}