{
  "version": 2,
  "scenario": "office_desk",
  "scene_id": "003",
  "arrangement": "messy",
  "template": "office_desk",
  "table": {
    "length": 1.2,
    "width": 0.7,
    "height": 0.74,
    "thickness": 0.05
  },
  "table_texture": null,
  "wall_texture": null,
  "manifest": [
    {
      "slot": "display-1",
      "role": "display",
      "asset_id": "robotwin:glb:097_screen:2"
    },
    {
      "slot": "keyboard-1",
      "role": "keyboard",
      "asset_id": "robotwin:glb:116_keyboard:1"
    },
    {
      "slot": "mouse-1",
      "role": "mouse",
      "asset_id": "robotwin:glb:047_mouse:1"
    },
    {
      "slot": "book-1",
      "role": "book",
      "asset_id": "robotwin:glb:092_notebook:1"
    },
    {
      "slot": "plant-1",
      "role": "plant",
      "asset_id": "robotwin:glb:120_plant:0"
    },
    {
      "slot": "phone-1",
      "role": "phone",
      "asset_id": "robotwin:glb:077_phone:4"
    }
  ],
  "items": [
    {
      "slot": "display-1",
      "asset_id": "robotwin:glb:097_screen:2",
      "transform": [
        [
          1.0,
          0.0,
          0.0,
          0.020990919321775436
        ],
        [
          0.0,
          1.0,
          0.0,
          0.1978236436843872
        ],
        [
          0.0,
          0.0,
          1.0,
          0.7400000095367432
        ],
        [
          0.0,
          0.0,
          0.0,
          1.0
        ]
      ]
    },
    {
      "slot": "keyboard-1",
      "asset_id": "robotwin:glb:116_keyboard:1",
      "transform": [
        [
          0.7846222519874573,
          0.6199741959571838,
          0.0,
          0.13449224829673767
        ],
        [
          -0.6199741959571838,
          0.7846222519874573,
          0.0,
          -0.08616279065608978
        ],
        [
          0.0,
          0.0,
          1.0,
          0.7411858439445496
        ],
        [
          0.0,
          0.0,
          0.0,
          1.0
        ]
      ]
    },
    {
      "slot": "mouse-1",
      "asset_id": "robotwin:glb:047_mouse:1",
      "transform": [
        [
          0.8326672911643982,
          0.5537735819816589,
          0.0,
          0.3295837938785553
        ],
        [
          -0.5537735819816589,
          0.8326672911643982,
          0.0,
          0.14312744140625
        ],
        [
          0.0,
          0.0,
          1.0,
          0.7406829595565796
        ],
        [
          0.0,
          0.0,
          0.0,
          1.0
        ]
      ]
    },
    {
      "slot": "book-1",
      "asset_id": "robotwin:glb:092_notebook:1",
      "transform": [
        [
          0.025155723094940186,
          0.9996836185455322,
          0.0,
          0.4472430646419525
        ],
        [
          -0.9996836185455322,
          0.025155723094940186,
          0.0,
          -0.1586557775735855
        ],
        [
          0.0,
          0.0,
          1.0,
          0.7416059374809265
        ],
        [
          0.0,
          0.0,
          0.0,
          1.0
        ]
      ]
    },
    {
      "slot": "phone-1",
      "asset_id": "robotwin:glb:077_phone:4",
      "transform": [
        [
          0.4901251792907715,
          0.8716521263122559,
          -2.572447854731763e-08,
          0.43770819902420044
        ],
        [
          -0.8716521263122559,
          0.4901251792907715,
          1.5047589840833098e-08,
          0.0004460228665266186
        ],
        [
          2.572447854731763e-08,
          1.5047589840833098e-08,
          1.0,
          0.7413585186004639
        ],
        [
          0.0,
          0.0,
          0.0,
          1.0
        ]
      ]
    },
    {
      "slot": "plant-1",
      "asset_id": "robotwin:glb:120_plant:0",
      "transform": [
        [
          -0.3115757703781128,
          0.9502214789390564,
          0.0,
          -0.2770017683506012
        ],
        [
          -0.9502214789390564,
          -0.3115757703781128,
          0.0,
          -0.08691811561584473
        ],
        [
          0.0,
          0.0,
          1.0,
          0.7413918972015381
        ],
        [
          0.0,
          0.0,
          0.0,
          1.0
        ]
      ]
    }
  ]
}