{
  "version": 2,
  "scenario": "office_desk",
  "scene_id": "008",
  "arrangement": "messy",
  "template": "office_desk",
  "table": {
    "length": 1.2,
    "width": 0.7,
    "height": 0.74,
    "thickness": 0.05
  },
  "table_texture": null,
  "wall_texture": null,
  "manifest": [
    {
      "slot": "laptop-1",
      "role": "laptop",
      "asset_id": "robotwin:glb:015_laptop:8"
    },
    {
      "slot": "mouse-1",
      "role": "mouse",
      "asset_id": "robotwin:glb:047_mouse:0"
    },
    {
      "slot": "pen-1",
      "role": "pen",
      "asset_id": "robotwin:glb:093_brush-pen:3"
    },
    {
      "slot": "book-1",
      "role": "book",
      "asset_id": "robotwin:glb:092_notebook:1"
    },
    {
      "slot": "cup-1",
      "role": "cup",
      "asset_id": "robotwin:glb:039_mug:0"
    },
    {
      "slot": "phone-1",
      "role": "phone",
      "asset_id": "robotwin:glb:077_phone:4"
    }
  ],
  "items": [
    {
      "slot": "laptop-1",
      "asset_id": "robotwin:glb:015_laptop:8",
      "transform": [
        [
          0.16223055124282837,
          0.9867528080940247,
          -5.915768497288809e-08,
          -0.0875939130783081
        ],
        [
          -0.9867528080940247,
          0.16223055124282837,
          2.0660502286773408e-07,
          -0.07830657064914703
        ],
        [
          2.1346528455978842e-07,
          2.4856383618043765e-08,
          1.0,
          0.7966558933258057
        ],
        [
          0.0,
          0.0,
          0.0,
          1.0
        ]
      ]
    },
    {
      "slot": "mouse-1",
      "asset_id": "robotwin:glb:047_mouse:0",
      "transform": [
        [
          -0.6645525693893433,
          -0.7472415566444397,
          1.8854791505873436e-08,
          -0.4712480306625366
        ],
        [
          0.7472415566444397,
          -0.6645525693893433,
          1.875409765261793e-07,
          0.02160707488656044
        ],
        [
          -1.2760841627823538e-07,
          1.3871989779090654e-07,
          1.0,
          0.7407884001731873
        ],
        [
          0.0,
          0.0,
          0.0,
          1.0
        ]
      ]
    },
    {
      "slot": "book-1",
      "asset_id": "robotwin:glb:092_notebook:1",
      "transform": [
        [
          -0.8896310329437256,
          -0.45668020844459534,
          -2.7039490646529885e-08,
          -0.4164944589138031
        ],
        [
          0.45668020844459534,
          -0.8896310329437256,
          -2.3874767407505715e-07,
          -0.1916552484035492
        ],
        [
          8.49761647714331e-08,
          -2.2474571892416861e-07,
          1.0,
          0.7416059374809265
        ],
        [
          0.0,
          0.0,
          0.0,
          1.0
        ]
      ]
    },
    {
      "slot": "cup-1",
      "asset_id": "robotwin:glb:039_mug:0",
      "transform": [
        [
          0.167353093624115,
          -0.9858969449996948,
          -2.2768591634303448e-07,
          0.3487042486667633
        ],
        [
          0.9858969449996948,
          0.167353093624115,
          -1.922938963616616e-07,
          -0.21325021982192993
        ],
        [
          2.2768591634303448e-07,
          -1.922938963616616e-07,
          1.0,
          0.7400000095367432
        ],
        [
          0.0,
          0.0,
          0.0,
          1.0
        ]
      ]
    },
    {
      "slot": "phone-1",
      "asset_id": "robotwin:glb:077_phone:4",
      "transform": [
        [
          -0.8849302530288696,
          0.4657237231731415,
          0.0,
          0.1312955617904663
        ],
        [
          -0.4657237231731415,
          -0.8849302530288696,
          0.0,
          0.23742395639419556
        ],
        [
          0.0,
          0.0,
          1.0,
          0.7413585186004639
        ],
        [
          0.0,
          0.0,
          0.0,
          1.0
        ]
      ]
    },
    {
      "slot": "pen-1",
      "asset_id": "robotwin:glb:093_brush-pen:3",
      "transform": [
        [
          0.9574718475341797,
          -0.28852665424346924,
          -2.079208627492335e-08,
          -0.10551076382398605
        ],
        [
          0.28852665424346924,
          0.9574718475341797,
          -6.331334390097254e-08,
          0.24822814762592316
        ],
        [
          3.817542193473855e-08,
          5.462167251835126e-08,
          1.0,
          0.7500208020210266
        ],
        [
          0.0,
          0.0,
          0.0,
          1.0
        ]
      ]
    }
  ]
}