{
  "version": 2,
  "scenario": "office_desk",
  "scene_id": "017",
  "arrangement": "messy",
  "template": "office_desk",
  "table": {
    "length": 1.2,
    "width": 0.7,
    "height": 0.74,
    "thickness": 0.05
  },
  "table_texture": null,
  "wall_texture": null,
  "manifest": [
    {
      "slot": "laptop-1",
      "role": "laptop",
      "asset_id": "robotwin:glb:015_laptop:0"
    },
    {
      "slot": "mouse-1",
      "role": "mouse",
      "asset_id": "robotwin:glb:047_mouse:0"
    },
    {
      "slot": "lamp-1",
      "role": "lamp",
      "asset_id": "objaverse:glb:table_lamp:1"
    },
    {
      "slot": "pen-1",
      "role": "pen",
      "asset_id": "robotwin:urdf:marker:004"
    },
    {
      "slot": "cup-1",
      "role": "cup",
      "asset_id": "robotwin:glb:039_mug:7"
    },
    {
      "slot": "calculator-1",
      "role": "calculator",
      "asset_id": "robotwin:glb:017_calculator:2"
    }
  ],
  "items": [
    {
      "slot": "laptop-1",
      "asset_id": "robotwin:glb:015_laptop:0",
      "transform": [
        [
          -0.8669227361679077,
          -0.4984431862831116,
          1.0762561686306071e-07,
          -0.04661618545651436
        ],
        [
          0.4984431862831116,
          -0.8669227361679077,
          4.031125513392908e-07,
          -0.05385906994342804
        ],
        [
          -1.0762561686306071e-07,
          4.031125513392908e-07,
          1.0,
          0.788554310798645
        ],
        [
          0.0,
          0.0,
          0.0,
          1.0
        ]
      ]
    },
    {
      "slot": "mouse-1",
      "asset_id": "robotwin:glb:047_mouse:0",
      "transform": [
        [
          -0.661331057548523,
          0.7500943541526794,
          -5.168955752310467e-08,
          0.1738186776638031
        ],
        [
          -0.7500943541526794,
          -0.661331057548523,
          4.20604315820583e-08,
          -0.1452101320028305
        ],
        [
          -2.634610751783839e-09,
          6.658790141500504e-08,
          1.0,
          0.7407884001731873
        ],
        [
          0.0,
          0.0,
          0.0,
          1.0
        ]
      ]
    },
    {
      "slot": "lamp-1",
      "asset_id": "objaverse:glb:table_lamp:1",
      "transform": [
        [
          1.0,
          3.805411097346223e-09,
          -3.649517354986642e-09,
          -0.46407613158226013
        ],
        [
          -3.805411097346223e-09,
          1.0,
          -1.1920926112907182e-07,
          0.19533580541610718
        ],
        [
          3.6495169108974324e-09,
          1.1920926112907182e-07,
          1.0,
          0.7399898767471313
        ],
        [
          0.0,
          0.0,
          0.0,
          1.0
        ]
      ]
    },
    {
      "slot": "pen-1",
      "asset_id": "robotwin:urdf:marker:004",
      "transform": [
        [
          -0.509384036064148,
          -0.860539436340332,
          0.0,
          -0.5148841738700867
        ],
        [
          0.860539436340332,
          -0.509384036064148,
          0.0,
          -0.10908567160367966
        ],
        [
          0.0,
          0.0,
          1.0,
          0.7490062713623047
        ],
        [
          0.0,
          0.0,
          0.0,
          1.0
        ]
      ]
    },
    {
      "slot": "calculator-1",
      "asset_id": "robotwin:glb:017_calculator:2",
      "transform": [
        [
          -0.36875689029693604,
          -0.9295260310173035,
          1.4976728834881214e-07,
          -0.35723161697387695
        ],
        [
          0.9295260310173035,
          -0.36875689029693604,
          1.1444168990237813e-07,
          0.12115111947059631
        ],
        [
          -5.114881673762284e-08,
          1.814137249311898e-07,
          1.0,
          0.7414523959159851
        ],
        [
          0.0,
          0.0,
          0.0,
          1.0
        ]
      ]
    },
    {
      "slot": "cup-1",
      "asset_id": "robotwin:glb:039_mug:7",
      "transform": [
        [
          -0.022027254104614258,
          -0.9997575283050537,
          0.0,
          0.3088439106941223
        ],
        [
          0.9997575283050537,
          -0.022027254104614258,
          0.0,
          0.25901949405670166
        ],
        [
          0.0,
          0.0,
          1.0,
          0.7400000095367432
        ],
        [
          0.0,
          0.0,
          0.0,
          1.0
        ]
      ]
    }
  ]
}