{
  "version": 2,
  "scenario": "office_desk",
  "scene_id": "006",
  "arrangement": "messy",
  "template": "office_desk",
  "table": {
    "length": 1.2,
    "width": 0.7,
    "height": 0.74,
    "thickness": 0.05
  },
  "table_texture": null,
  "wall_texture": null,
  "manifest": [
    {
      "slot": "laptop-1",
      "role": "laptop",
      "asset_id": "robotwin:glb:015_laptop:5"
    },
    {
      "slot": "pen-1",
      "role": "pen",
      "asset_id": "robotwin:glb:093_brush-pen:1"
    },
    {
      "slot": "cup-1",
      "role": "cup",
      "asset_id": "robotwin:glb:021_cup:12"
    },
    {
      "slot": "phone-1",
      "role": "phone",
      "asset_id": "robotwin:glb:077_phone:1"
    }
  ],
  "items": [
    {
      "slot": "laptop-1",
      "asset_id": "robotwin:glb:015_laptop:5",
      "transform": [
        [
          -0.488561749458313,
          0.8725293874740601,
          1.1170450164854628e-07,
          -0.011691037565469742
        ],
        [
          -0.8725293874740601,
          -0.488561749458313,
          -7.270260482528101e-08,
          -0.05100803077220917
        ],
        [
          -8.860617128902959e-09,
          -1.3298516421400564e-07,
          1.0,
          0.8036438226699829
        ],
        [
          0.0,
          0.0,
          0.0,
          1.0
        ]
      ]
    },
    {
      "slot": "pen-1",
      "asset_id": "robotwin:glb:093_brush-pen:1",
      "transform": [
        [
          0.20752382278442383,
          -0.9782299399375916,
          -3.2419845297226857e-07,
          0.11727782338857651
        ],
        [
          0.9782299399375916,
          0.20752382278442383,
          -2.6263717245456064e-07,
          -0.26541373133659363
        ],
        [
          3.2419845297226857e-07,
          -2.6263717245456064e-07,
          1.0,
          0.7407718300819397
        ],
        [
          0.0,
          0.0,
          0.0,
          1.0
        ]
      ]
    },
    {
      "slot": "phone-1",
      "asset_id": "robotwin:glb:077_phone:1",
      "transform": [
        [
          0.09864509105682373,
          0.9951227307319641,
          2.2088379125762003e-08,
          -0.22840921580791473
        ],
        [
          -0.9951227307319641,
          0.09864509105682373,
          -2.000704846238932e-08,
          0.22307227551937103
        ],
        [
          -2.2088379125762003e-08,
          -2.000704846238932e-08,
          1.0,
          0.7413472533226013
        ],
        [
          0.0,
          0.0,
          0.0,
          1.0
        ]
      ]
    },
    {
      "slot": "cup-1",
      "asset_id": "robotwin:glb:021_cup:12",
      "transform": [
        [
          0.643372118473053,
          -0.7655535936355591,
          -2.1478413714248745e-08,
          -0.36320242285728455
        ],
        [
          0.7655535936355591,
          0.643372118473053,
          1.8725863526469766e-07,
          0.1684824377298355
        ],
        [
          -1.2953790928804665e-07,
          -1.3691986566755077e-07,
          1.0,
          0.7409781813621521
        ],
        [
          0.0,
          0.0,
          0.0,
          1.0
        ]
      ]
    }
  ]
}