{
  "version": 2,
  "scenario": "office_desk",
  "scene_id": "013",
  "arrangement": "messy",
  "template": "office_desk",
  "table": {
    "length": 1.2,
    "width": 0.7,
    "height": 0.74,
    "thickness": 0.05
  },
  "table_texture": null,
  "wall_texture": null,
  "manifest": [
    {
      "slot": "laptop-1",
      "role": "laptop",
      "asset_id": "robotwin:glb:015_laptop:0"
    },
    {
      "slot": "mouse-1",
      "role": "mouse",
      "asset_id": "robotwin:glb:047_mouse:2"
    },
    {
      "slot": "pen-1",
      "role": "pen",
      "asset_id": "robotwin:glb:058_markpen:3"
    },
    {
      "slot": "book-1",
      "role": "book",
      "asset_id": "robotwin:glb:092_notebook:0"
    },
    {
      "slot": "cup-1",
      "role": "cup",
      "asset_id": "objaverse:obj:coffee_cup:7"
    }
  ],
  "items": [
    {
      "slot": "laptop-1",
      "asset_id": "robotwin:glb:015_laptop:0",
      "transform": [
        [
          -0.2603731155395508,
          0.9655081033706665,
          -5.678006687048764e-07,
          0.09225780516862869
        ],
        [
          -0.9655081033706665,
          -0.2603731155395508,
          -4.3496334001247305e-07,
          0.041133057326078415
        ],
        [
          -5.678006687048764e-07,
          4.3496334001247305e-07,
          1.0,
          0.7885544300079346
        ],
        [
          0.0,
          0.0,
          0.0,
          1.0
        ]
      ]
    },
    {
      "slot": "mouse-1",
      "asset_id": "robotwin:glb:047_mouse:2",
      "transform": [
        [
          -0.7060152292251587,
          -0.7081968188285828,
          8.257483585794034e-08,
          -0.3734844923019409
        ],
        [
          0.7081968188285828,
          -0.7060152292251587,
          -3.427825845392363e-08,
          -0.2602697014808655
        ],
        [
          8.257483585794034e-08,
          3.427825845392363e-08,
          1.0,
          0.7409771680831909
        ],
        [
          0.0,
          0.0,
          0.0,
          1.0
        ]
      ]
    },
    {
      "slot": "book-1",
      "asset_id": "robotwin:glb:092_notebook:0",
      "transform": [
        [
          -0.36466002464294434,
          0.9311410188674927,
          8.282987806751407e-08,
          -0.21910491585731506
        ],
        [
          -0.9311410188674927,
          -0.36466002464294434,
          -1.564087170891071e-08,
          0.14576967060565948
        ],
        [
          1.564087170891071e-08,
          -8.282987806751407e-08,
          1.0,
          0.7415002584457397
        ],
        [
          0.0,
          0.0,
          0.0,
          1.0
        ]
      ]
    },
    {
      "slot": "cup-1",
      "asset_id": "objaverse:obj:coffee_cup:7",
      "transform": [
        [
          -0.9299033880233765,
          -0.36780449748039246,
          -1.8305507110127905e-10,
          0.18078593909740448
        ],
        [
          0.36780449748039246,
          -0.9299033880233765,
          -3.3867042503743505e-10,
          -0.220146045088768
        ],
        [
          -4.5659011294052476e-11,
          -3.822591687629995e-10,
          1.0,
          0.7942816615104675
        ],
        [
          0.0,
          0.0,
          0.0,
          1.0
        ]
      ]
    },
    {
      "slot": "pen-1",
      "asset_id": "robotwin:glb:058_markpen:3",
      "transform": [
        [
          0.8921173810958862,
          -0.45180368423461914,
          4.926878904853993e-10,
          -0.3835587203502655
        ],
        [
          0.45180368423461914,
          0.8921173810958862,
          -4.807956255348245e-10,
          0.11777254194021225
        ],
        [
          -2.2231018415030945e-10,
          6.51524278971749e-10,
          1.0,
          0.7495297789573669
        ],
        [
          0.0,
          0.0,
          0.0,
          1.0
        ]
      ]
    }
  ]
}