{
  "version": 2,
  "scenario": "office_desk",
  "scene_id": "005",
  "arrangement": "messy",
  "template": "office_desk",
  "table": {
    "length": 1.2,
    "width": 0.7,
    "height": 0.74,
    "thickness": 0.05
  },
  "table_texture": null,
  "wall_texture": null,
  "manifest": [
    {
      "slot": "display-1",
      "role": "display",
      "asset_id": "robotwin:glb:097_screen:1"
    },
    {
      "slot": "keyboard-1",
      "role": "keyboard",
      "asset_id": "robotwin:glb:116_keyboard:1"
    },
    {
      "slot": "mouse-1",
      "role": "mouse",
      "asset_id": "robotwin:glb:047_mouse:0"
    },
    {
      "slot": "pen-1",
      "role": "pen",
      "asset_id": "robotwin:glb:058_markpen:1"
    },
    {
      "slot": "cup-1",
      "role": "cup",
      "asset_id": "robotwin:glb:039_mug:7"
    },
    {
      "slot": "phone-1",
      "role": "phone",
      "asset_id": "robotwin:glb:077_phone:4"
    },
    {
      "slot": "calculator-1",
      "role": "calculator",
      "asset_id": "robotwin:glb:017_calculator:5"
    }
  ],
  "items": [
    {
      "slot": "display-1",
      "asset_id": "robotwin:glb:097_screen:1",
      "transform": [
        [
          1.0,
          2.0318248819539697e-11,
          -2.612619593323623e-13,
          0.009487535804510117
        ],
        [
          -2.0318248819539697e-11,
          1.0,
          1.1920926112907182e-07,
          0.23828937113285065
        ],
        [
          2.612643987872504e-13,
          -1.1920926112907182e-07,
          1.0,
          0.7400000095367432
        ],
        [
          0.0,
          0.0,
          0.0,
          1.0
        ]
      ]
    },
    {
      "slot": "keyboard-1",
      "asset_id": "robotwin:glb:116_keyboard:1",
      "transform": [
        [
          -0.9837173223495483,
          -0.17972202599048615,
          -1.0756138202339116e-08,
          -0.16924622654914856
        ],
        [
          0.17972202599048615,
          -0.9837173223495483,
          -1.1872299410242704e-07,
          0.009376232512295246
        ],
        [
          1.0756138202339116e-08,
          -1.1872299410242704e-07,
          1.0,
          0.7411858439445496
        ],
        [
          0.0,
          0.0,
          0.0,
          1.0
        ]
      ]
    },
    {
      "slot": "mouse-1",
      "asset_id": "robotwin:glb:047_mouse:0",
      "transform": [
        [
          0.33534514904022217,
          -0.9420953392982483,
          7.902982019913907e-07,
          -0.17321348190307617
        ],
        [
          0.9420953392982483,
          0.33534514904022217,
          -1.1201847200936754e-06,
          0.21944661438465118
        ],
        [
          7.902982019913907e-07,
          1.1201847200936754e-06,
          1.0,
          0.7407643795013428
        ],
        [
          0.0,
          0.0,
          0.0,
          1.0
        ]
      ]
    },
    {
      "slot": "calculator-1",
      "asset_id": "robotwin:glb:017_calculator:5",
      "transform": [
        [
          -0.6722455024719238,
          0.7403283715248108,
          0.0,
          -0.10859812051057816
        ],
        [
          -0.7403283715248108,
          -0.6722455024719238,
          0.0,
          -0.19341345131397247
        ],
        [
          0.0,
          0.0,
          1.0,
          0.7414074540138245
        ],
        [
          0.0,
          0.0,
          0.0,
          1.0
        ]
      ]
    },
    {
      "slot": "phone-1",
      "asset_id": "robotwin:glb:077_phone:4",
      "transform": [
        [
          -0.9331393241882324,
          0.3595154285430908,
          -2.821012685672031e-07,
          0.26442718505859375
        ],
        [
          -0.3595154285430908,
          -0.9331393241882324,
          -1.13090408149219e-07,
          -0.09510084986686707
        ],
        [
          -3.038974796254479e-07,
          -4.109338647140248e-09,
          1.0,
          0.7413517236709595
        ],
        [
          0.0,
          0.0,
          0.0,
          1.0
        ]
      ]
    },
    {
      "slot": "cup-1",
      "asset_id": "robotwin:glb:039_mug:7",
      "transform": [
        [
          0.9260044693946838,
          -0.3775125741958618,
          1.1464836191521499e-08,
          0.4317154884338379
        ],
        [
          0.3775125741958618,
          0.9260044693946838,
          -5.849163642324129e-08,
          -0.2265518754720688
        ],
        [
          1.1464836191521499e-08,
          5.849163642324129e-08,
          1.0,
          0.7400000095367432
        ],
        [
          0.0,
          0.0,
          0.0,
          1.0
        ]
      ]
    },
    {
      "slot": "pen-1",
      "asset_id": "robotwin:glb:058_markpen:1",
      "transform": [
        [
          -0.4876178503036499,
          -0.8730573058128357,
          8.932531159189239e-09,
          0.1333090364933014
        ],
        [
          0.8730573058128357,
          -0.4876178503036499,
          1.3298034673425718e-07,
          -0.10371416807174683
        ],
        [
          -1.1174380176726117e-07,
          7.264218737645933e-08,
          1.0,
          0.7483217120170593
        ],
        [
          0.0,
          0.0,
          0.0,
          1.0
        ]
      ]
    }
  ]
}