{
  "version": 2,
  "scenario": "office_desk",
  "scene_id": "014",
  "arrangement": "messy",
  "template": "office_desk",
  "table": {
    "length": 1.2,
    "width": 0.7,
    "height": 0.74,
    "thickness": 0.05
  },
  "table_texture": null,
  "wall_texture": null,
  "manifest": [
    {
      "slot": "display-1",
      "role": "display",
      "asset_id": "robotwin:glb:097_screen:2"
    },
    {
      "slot": "keyboard-1",
      "role": "keyboard",
      "asset_id": "robotwin:glb:116_keyboard:2"
    },
    {
      "slot": "mouse-1",
      "role": "mouse",
      "asset_id": "robotwin:glb:047_mouse:0"
    },
    {
      "slot": "lamp-1",
      "role": "lamp",
      "asset_id": "objaverse:glb:table_lamp:2"
    },
    {
      "slot": "book-1",
      "role": "book",
      "asset_id": "robotwin:glb:092_notebook:1"
    },
    {
      "slot": "cup-1",
      "role": "cup",
      "asset_id": "robotwin:glb:039_mug:0"
    },
    {
      "slot": "plant-1",
      "role": "plant",
      "asset_id": "robotwin:glb:012_plant-pot:3"
    }
  ],
  "items": [
    {
      "slot": "display-1",
      "asset_id": "robotwin:glb:097_screen:2",
      "transform": [
        [
          1.0,
          -1.969523936301565e-12,
          -1.969524369982434e-12,
          0.017799504101276398
        ],
        [
          1.969524369982434e-12,
          1.0,
          1.1920928955078125e-07,
          0.23852811753749847
        ],
        [
          1.969523936301565e-12,
          -1.1920928955078125e-07,
          1.0,
          0.7399998903274536
        ],
        [
          0.0,
          0.0,
          0.0,
          1.0
        ]
      ]
    },
    {
      "slot": "keyboard-1",
      "asset_id": "robotwin:glb:116_keyboard:2",
      "transform": [
        [
          -0.40243566036224365,
          0.9154484868049622,
          1.3032193635353906e-07,
          -0.14426834881305695
        ],
        [
          -0.9154484868049622,
          -0.40243566036224365,
          -1.9964873843036912e-07,
          -0.06097590923309326
        ],
        [
          -1.3032193635353906e-07,
          -1.9964873843036912e-07,
          1.0,
          0.7417620420455933
        ],
        [
          0.0,
          0.0,
          0.0,
          1.0
        ]
      ]
    },
    {
      "slot": "mouse-1",
      "asset_id": "robotwin:glb:047_mouse:0",
      "transform": [
        [
          0.12185019254684448,
          -0.9925484657287598,
          3.435046025401789e-08,
          0.3850279450416565
        ],
        [
          0.9925484657287598,
          0.12185019254684448,
          -1.2877734434368904e-07,
          -0.18924757838249207
        ],
        [
          1.2363214807464828e-07,
          4.978603840299911e-08,
          1.0,
          0.7407884001731873
        ],
        [
          0.0,
          0.0,
          0.0,
          1.0
        ]
      ]
    },
    {
      "slot": "lamp-1",
      "asset_id": "objaverse:glb:table_lamp:2",
      "transform": [
        [
          1.0,
          -9.898745823022637e-09,
          -1.5167099576274268e-08,
          0.46167290210723877
        ],
        [
          9.898744046665797e-09,
          1.0,
          -1.1920926112907182e-07,
          0.21334566175937653
        ],
        [
          1.5167099576274268e-08,
          1.1920926112907182e-07,
          1.0,
          0.9400001168251038
        ],
        [
          0.0,
          0.0,
          0.0,
          1.0
        ]
      ]
    },
    {
      "slot": "cup-1",
      "asset_id": "robotwin:glb:039_mug:0",
      "transform": [
        [
          -0.10021471977233887,
          0.9949660301208496,
          -1.5991699342521315e-07,
          -0.38642963767051697
        ],
        [
          -0.9949660301208496,
          -0.10021471977233887,
          1.768332111851123e-07,
          -0.1757931113243103
        ],
        [
          1.5991699342521315e-07,
          1.768332111851123e-07,
          1.0,
          0.7400000691413879
        ],
        [
          0.0,
          0.0,
          0.0,
          1.0
        ]
      ]
    },
    {
      "slot": "book-1",
      "asset_id": "robotwin:glb:092_notebook:1",
      "transform": [
        [
          0.2248368263244629,
          -0.9743964076042175,
          0.0,
          -0.35805222392082214
        ],
        [
          0.9743964076042175,
          0.2248368263244629,
          0.0,
          0.014663638547062874
        ],
        [
          0.0,
          0.0,
          1.0,
          0.7416059374809265
        ],
        [
          0.0,
          0.0,
          0.0,
          1.0
        ]
      ]
    },
    {
      "slot": "plant-1",
      "asset_id": "robotwin:glb:012_plant-pot:3",
      "transform": [
        [
          0.995891273021698,
          -0.09055720269680023,
          -3.721461538930271e-08,
          0.3529846668243408
        ],
        [
          0.09055720269680023,
          0.995891273021698,
          -1.6884944553652304e-09,
          0.05912205949425697
        ],
        [
          3.721461538930271e-08,
          -1.6884944553652304e-09,
          1.0,
          0.7417090535163879
        ],
        [
          0.0,
          0.0,
          0.0,
          1.0
        ]
      ]
    }
  ]
}