{
  "version": 2,
  "scenario": "office_desk",
  "scene_id": "004",
  "arrangement": "messy",
  "template": "office_desk",
  "table": {
    "length": 1.2,
    "width": 0.7,
    "height": 0.74,
    "thickness": 0.05
  },
  "table_texture": null,
  "wall_texture": null,
  "manifest": [
    {
      "slot": "laptop-1",
      "role": "laptop",
      "asset_id": "robotwin:glb:015_laptop:7"
    },
    {
      "slot": "keyboard-1",
      "role": "keyboard",
      "asset_id": "robotwin:glb:116_keyboard:3"
    },
    {
      "slot": "mouse-1",
      "role": "mouse",
      "asset_id": "robotwin:glb:047_mouse:2"
    },
    {
      "slot": "lamp-1",
      "role": "lamp",
      "asset_id": "objaverse:glb:table_lamp:0"
    },
    {
      "slot": "cup-1",
      "role": "cup",
      "asset_id": "gso:obj:ACE_Coffee_Mug_Kristen_16_oz_cup"
    },
    {
      "slot": "plant-1",
      "role": "plant",
      "asset_id": "robotwin:glb:012_plant-pot:3"
    },
    {
      "slot": "calculator-1",
      "role": "calculator",
      "asset_id": "robotwin:glb:017_calculator:5"
    }
  ],
  "items": [
    {
      "slot": "laptop-1",
      "asset_id": "robotwin:glb:015_laptop:7",
      "transform": [
        [
          0.14813315868377686,
          -0.9889674782752991,
          3.0986464594207064e-07,
          -0.02614784985780716
        ],
        [
          0.9889674782752991,
          0.14813315868377686,
          1.8823996583705593e-07,
          0.1050255298614502
        ],
        [
          -2.3206442278933537e-07,
          2.78561458344484e-07,
          1.0,
          0.7996750473976135
        ],
        [
          0.0,
          0.0,
          0.0,
          1.0
        ]
      ]
    },
    {
      "slot": "keyboard-1",
      "asset_id": "robotwin:glb:116_keyboard:3",
      "transform": [
        [
          -0.8373086452484131,
          -0.5467304587364197,
          -5.43540501496409e-09,
          -0.3488841950893402
        ],
        [
          0.5467304587364197,
          -0.8373086452484131,
          -1.2275782523829548e-07,
          -0.07398612797260284
        ],
        [
          6.256433238149839e-08,
          -1.0575788422784171e-07,
          1.0,
          0.7418818473815918
        ],
        [
          0.0,
          0.0,
          0.0,
          1.0
        ]
      ]
    },
    {
      "slot": "mouse-1",
      "asset_id": "robotwin:glb:047_mouse:2",
      "transform": [
        [
          0.9646637439727783,
          -0.2634841203689575,
          2.9537861934159082e-08,
          0.11852958053350449
        ],
        [
          0.2634841203689575,
          0.9646637439727783,
          3.961369010596627e-09,
          -0.19699285924434662
        ],
        [
          -2.9537861934159082e-08,
          3.961369010596627e-09,
          1.0,
          0.7409930229187012
        ],
        [
          0.0,
          0.0,
          0.0,
          1.0
        ]
      ]
    },
    {
      "slot": "calculator-1",
      "asset_id": "robotwin:glb:017_calculator:5",
      "transform": [
        [
          0.9664541482925415,
          0.2568393349647522,
          1.4003722981215105e-07,
          0.37365296483039856
        ],
        [
          -0.2568393349647522,
          0.9664541482925415,
          -7.840121440949588e-08,
          -0.09605811536312103
        ],
        [
          -1.554760729050031e-07,
          3.980410667736578e-08,
          1.0,
          0.7414286732673645
        ],
        [
          0.0,
          0.0,
          0.0,
          1.0
        ]
      ]
    },
    {
      "slot": "cup-1",
      "asset_id": "gso:obj:ACE_Coffee_Mug_Kristen_16_oz_cup",
      "transform": [
        [
          -0.9314758777618408,
          0.36380380392074585,
          -5.856531704040435e-09,
          0.3068573474884033
        ],
        [
          -0.36380380392074585,
          -0.9314758777618408,
          -9.158553027077687e-09,
          0.056446049362421036
        ],
        [
          -8.78713279917065e-09,
          -6.40034025778391e-09,
          1.0,
          0.740019679069519
        ],
        [
          0.0,
          0.0,
          0.0,
          1.0
        ]
      ]
    },
    {
      "slot": "plant-1",
      "asset_id": "robotwin:glb:012_plant-pot:3",
      "transform": [
        [
          -0.9990254640579224,
          0.04413643851876259,
          1.4897530320467922e-08,
          0.2455795705318451
        ],
        [
          -0.04413643851876259,
          -0.9990254640579224,
          3.2892225054759194e-10,
          0.2403130829334259
        ],
        [
          1.4897530320467922e-08,
          -3.2892225054759194e-10,
          1.0,
          0.7417058348655701
        ],
        [
          0.0,
          0.0,
          0.0,
          1.0
        ]
      ]
    },
    {
      "slot": "lamp-1",
      "asset_id": "objaverse:glb:table_lamp:0",
      "transform": [
        [
          1.0,
          1.0022626284467151e-08,
          2.4376267671044616e-09,
          -0.498055100440979
        ],
        [
          -1.0022626284467151e-08,
          1.0,
          -1.1920928955078125e-07,
          0.14897556602954865
        ],
        [
          -2.437628099372091e-09,
          1.1920928955078125e-07,
          1.0,
          1.3412588834762573
        ],
        [
          0.0,
          0.0,
          0.0,
          1.0
        ]
      ]
    }
  ]
}