{
  "version": 2,
  "scenario": "office_desk",
  "scene_id": "012",
  "arrangement": "messy",
  "template": "office_desk",
  "table": {
    "length": 1.2,
    "width": 0.7,
    "height": 0.74,
    "thickness": 0.05
  },
  "table_texture": null,
  "wall_texture": null,
  "manifest": [
    {
      "slot": "laptop-1",
      "role": "laptop",
      "asset_id": "robotwin:glb:015_laptop:0"
    },
    {
      "slot": "keyboard-1",
      "role": "keyboard",
      "asset_id": "robotwin:glb:116_keyboard:3"
    },
    {
      "slot": "mouse-1",
      "role": "mouse",
      "asset_id": "robotwin:glb:047_mouse:2"
    },
    {
      "slot": "pen-1",
      "role": "pen",
      "asset_id": "robotwin:glb:058_markpen:1"
    },
    {
      "slot": "plant-1",
      "role": "plant",
      "asset_id": "robotwin:glb:012_plant-pot:3"
    },
    {
      "slot": "phone-1",
      "role": "phone",
      "asset_id": "robotwin:glb:077_phone:1"
    }
  ],
  "items": [
    {
      "slot": "laptop-1",
      "asset_id": "robotwin:glb:015_laptop:0",
      "transform": [
        [
          0.8887437582015991,
          0.4584043323993683,
          -2.811624355558706e-08,
          -0.033225007355213165
        ],
        [
          -0.4584043323993683,
          0.8887437582015991,
          -1.158461557793089e-07,
          0.011817269027233124
        ],
        [
          -2.811624355558706e-08,
          1.158461557793089e-07,
          1.0,
          0.7885542511940002
        ],
        [
          0.0,
          0.0,
          0.0,
          1.0
        ]
      ]
    },
    {
      "slot": "keyboard-1",
      "asset_id": "robotwin:glb:116_keyboard:3",
      "transform": [
        [
          -0.32926976680755615,
          -0.9442358613014221,
          9.718552718140927e-08,
          0.31811827421188354
        ],
        [
          0.9442358613014221,
          -0.32926976680755615,
          -6.90349466481166e-08,
          -0.029232431203126907
        ],
        [
          9.718552718140927e-08,
          6.90349466481166e-08,
          1.0,
          0.7418845295906067
        ],
        [
          0.0,
          0.0,
          0.0,
          1.0
        ]
      ]
    },
    {
      "slot": "mouse-1",
      "asset_id": "robotwin:glb:047_mouse:2",
      "transform": [
        [
          -0.3479529619216919,
          0.937512218952179,
          8.296640174876302e-08,
          -0.4392044246196747
        ],
        [
          -0.937512218952179,
          -0.3479529619216919,
          -1.4899718792094063e-08,
          0.1774217039346695
        ],
        [
          1.4899718792094063e-08,
          -8.296640174876302e-08,
          1.0,
          0.7409930229187012
        ],
        [
          0.0,
          0.0,
          0.0,
          1.0
        ]
      ]
    },
    {
      "slot": "pen-1",
      "asset_id": "robotwin:glb:058_markpen:1",
      "transform": [
        [
          -0.7477681636810303,
          0.663959801197052,
          2.334615061272416e-07,
          0.42594751715660095
        ],
        [
          -0.663959801197052,
          -0.7477681636810303,
          5.680936254748303e-08,
          0.0607958622276783
        ],
        [
          2.122942390769822e-07,
          -1.12528830698011e-07,
          1.0,
          0.7483217120170593
        ],
        [
          0.0,
          0.0,
          0.0,
          1.0
        ]
      ]
    },
    {
      "slot": "phone-1",
      "asset_id": "robotwin:glb:077_phone:1",
      "transform": [
        [
          -0.9841424226760864,
          0.1773812472820282,
          2.6537279040894646e-09,
          -0.34476304054260254
        ],
        [
          -0.1773812472820282,
          -0.9841424226760864,
          -2.9683938862490322e-08,
          -0.25985610485076904
        ],
        [
          -2.6537279040894646e-09,
          -2.9683938862490322e-08,
          1.0,
          0.7413302659988403
        ],
        [
          0.0,
          0.0,
          0.0,
          1.0
        ]
      ]
    },
    {
      "slot": "plant-1",
      "asset_id": "robotwin:glb:012_plant-pot:3",
      "transform": [
        [
          0.050601840019226074,
          -0.998718798160553,
          0.0,
          -0.4604433476924896
        ],
        [
          0.998718798160553,
          0.050601840019226074,
          0.0,
          -0.16895906627178192
        ],
        [
          0.0,
          0.0,
          1.0,
          0.7417090535163879
        ],
        [
          0.0,
          0.0,
          0.0,
          1.0
        ]
      ]
    }
  ]
}