{
  "version": 2,
  "scenario": "office_desk",
  "scene_id": "018",
  "arrangement": "messy",
  "template": "office_desk",
  "table": {
    "length": 1.2,
    "width": 0.7,
    "height": 0.74,
    "thickness": 0.05
  },
  "table_texture": null,
  "wall_texture": null,
  "manifest": [
    {
      "slot": "laptop-1",
      "role": "laptop",
      "asset_id": "robotwin:glb:015_laptop:7"
    },
    {
      "slot": "mouse-1",
      "role": "mouse",
      "asset_id": "robotwin:glb:047_mouse:0"
    },
    {
      "slot": "lamp-1",
      "role": "lamp",
      "asset_id": "objaverse:glb:table_lamp:3"
    },
    {
      "slot": "plant-1",
      "role": "plant",
      "asset_id": "robotwin:glb:120_plant:0"
    },
    {
      "slot": "phone-1",
      "role": "phone",
      "asset_id": "robotwin:glb:077_phone:0"
    }
  ],
  "items": [
    {
      "slot": "laptop-1",
      "asset_id": "robotwin:glb:015_laptop:7",
      "transform": [
        [
          0.969351589679718,
          0.2456776201725006,
          2.217981887042697e-08,
          0.015623511746525764
        ],
        [
          -0.2456776201725006,
          0.969351589679718,
          -2.7669435631594297e-09,
          0.06461340934038162
        ],
        [
          -2.217981887042697e-08,
          -2.7669435631594297e-09,
          1.0,
          0.7996750473976135
        ],
        [
          0.0,
          0.0,
          0.0,
          1.0
        ]
      ]
    },
    {
      "slot": "mouse-1",
      "asset_id": "robotwin:glb:047_mouse:0",
      "transform": [
        [
          -0.2836949825286865,
          0.9589146971702576,
          0.0,
          -0.2318686693906784
        ],
        [
          -0.9589146971702576,
          -0.2836949825286865,
          -0.0,
          0.17024201154708862
        ],
        [
          -0.0,
          0.0,
          1.0,
          0.7407644987106323
        ],
        [
          0.0,
          0.0,
          0.0,
          1.0
        ]
      ]
    },
    {
      "slot": "plant-1",
      "asset_id": "robotwin:glb:120_plant:0",
      "transform": [
        [
          0.9857115149497986,
          -0.16844220459461212,
          1.4847836382614332e-07,
          0.22069428861141205
        ],
        [
          0.16844220459461212,
          0.9857115149497986,
          1.2594991716241566e-08,
          -0.16325530409812927
        ],
        [
          -1.4847836382614332e-07,
          1.2594991716241566e-08,
          1.0,
          0.7413903474807739
        ],
        [
          0.0,
          0.0,
          0.0,
          1.0
        ]
      ]
    },
    {
      "slot": "lamp-1",
      "asset_id": "objaverse:glb:table_lamp:3",
      "transform": [
        [
          1.0,
          4.5099994849806535e-08,
          1.982835939884353e-08,
          0.40999341011047363
        ],
        [
          -4.5099994849806535e-08,
          1.0,
          -4.471294757955543e-16,
          0.16597643494606018
        ],
        [
          -1.982835939884353e-08,
          -4.471294757955543e-16,
          1.0,
          0.7400001287460327
        ],
        [
          0.0,
          0.0,
          0.0,
          1.0
        ]
      ]
    },
    {
      "slot": "phone-1",
      "asset_id": "robotwin:glb:077_phone:0",
      "transform": [
        [
          -0.41114258766174316,
          -0.9115710854530334,
          0.0,
          -0.30541905760765076
        ],
        [
          0.9115710854530334,
          -0.41114258766174316,
          0.0,
          0.0008518291870132089
        ],
        [
          0.0,
          0.0,
          1.0,
          0.7413435578346252
        ],
        [
          0.0,
          0.0,
          0.0,
          1.0
        ]
      ]
    }
  ]
}