{
  "version": 2,
  "scenario": "office_desk",
  "scene_id": "010",
  "arrangement": "messy",
  "template": "office_desk",
  "table": {
    "length": 1.2,
    "width": 0.7,
    "height": 0.74,
    "thickness": 0.05
  },
  "table_texture": null,
  "wall_texture": null,
  "manifest": [
    {
      "slot": "laptop-1",
      "role": "laptop",
      "asset_id": "robotwin:glb:015_laptop:2"
    }
  ],
  "items": [
    {
      "slot": "laptop-1",
      "asset_id": "robotwin:glb:015_laptop:2",
      "transform": [
        [
          0.6444680690765381,
          -0.7646312713623047,
          -2.702389068076627e-08,
          -0.02581792324781418
        ],
        [
          0.7646312713623047,
          0.6444680690765381,
          -1.2565344320591976e-08,
          0.04492582380771637
        ],
        [
          2.702389068076627e-08,
          -1.2565344320591976e-08,
          1.0,
          0.8007858991622925
        ],
        [
          0.0,
          0.0,
          0.0,
          1.0
        ]
      ]
    },
    {
      "slot": null,
      "asset_id": "robotwin:glb:101_milk-tea:2",
      "transform": [
        [
          -0.999847412109375,
          0.017479492351412773,
          -3.3826054846031184e-08,
          0.39238086342811584
        ],
        [
          -0.017479492351412773,
          -0.999847412109375,
          -1.7911641236878495e-07,
          -0.28154700994491577
        ],
        [
          -3.695175365692194e-08,
          -1.7849778544132278e-07,
          1.0,
          0.741382896900177
        ],
        [
          0.0,
          0.0,
          0.0,
          1.0
        ]
      ]
    },
    {
      "slot": null,
      "asset_id": "robotwin:glb:092_notebook:0",
      "transform": [
        [
          -0.2881472110748291,
          0.9575859904289246,
          7.111970745654617e-08,
          -0.4451921582221985
        ],
        [
          -0.9575859904289246,
          -0.2881472110748291,
          -9.56704226950933e-08,
          -0.05682416260242462
        ],
        [
          -7.111970745654617e-08,
          -9.56704226950933e-08,
          1.0,
          0.7415002584457397
        ],
        [
          0.0,
          0.0,
          0.0,
          1.0
        ]
      ]
    }
  ]
}