{
  "version": 2,
  "scenario": "office_desk",
  "scene_id": "009",
  "arrangement": "messy",
  "template": "office_desk",
  "table": {
    "length": 1.2,
    "width": 0.7,
    "height": 0.74,
    "thickness": 0.05
  },
  "table_texture": null,
  "wall_texture": null,
  "manifest": [
    {
      "slot": "laptop-1",
      "role": "laptop",
      "asset_id": "robotwin:glb:015_laptop:5"
    },
    {
      "slot": "mouse-1",
      "role": "mouse",
      "asset_id": "robotwin:glb:047_mouse:0"
    },
    {
      "slot": "book-1",
      "role": "book",
      "asset_id": "robotwin:glb:043_book:0"
    },
    {
      "slot": "plant-1",
      "role": "plant",
      "asset_id": "robotwin:glb:012_plant-pot:2"
    },
    {
      "slot": "phone-1",
      "role": "phone",
      "asset_id": "robotwin:glb:077_phone:3"
    }
  ],
  "items": [
    {
      "slot": "laptop-1",
      "asset_id": "robotwin:glb:015_laptop:5",
      "transform": [
        [
          0.7011690139770508,
          -0.7129951119422913,
          9.660509903142156e-08,
          -0.23165355622768402
        ],
        [
          0.7129951119422913,
          0.7011690139770508,
          -1.533951206056372e-07,
          0.09304732829332352
        ],
        [
          4.1633434477716946e-08,
          1.7643486671659048e-07,
          1.0,
          0.8036438226699829
        ],
        [
          0.0,
          0.0,
          0.0,
          1.0
        ]
      ]
    },
    {
      "slot": "mouse-1",
      "asset_id": "robotwin:glb:047_mouse:0",
      "transform": [
        [
          0.01607811450958252,
          -0.999870777130127,
          1.2541993044123956e-07,
          0.2257431298494339
        ],
        [
          0.999870777130127,
          0.01607811450958252,
          -1.2745293531679636e-07,
          -0.24978911876678467
        ],
        [
          1.2541993044123956e-07,
          1.2745293531679636e-07,
          1.0,
          0.7407884001731873
        ],
        [
          0.0,
          0.0,
          0.0,
          1.0
        ]
      ]
    },
    {
      "slot": "plant-1",
      "asset_id": "robotwin:glb:012_plant-pot:2",
      "transform": [
        [
          -0.628334641456604,
          0.77794349193573,
          -1.3445499291719898e-07,
          0.46336647868156433
        ],
        [
          -0.77794349193573,
          -0.628334641456604,
          -6.423641707442584e-08,
          -0.13612422347068787
        ],
        [
          -1.3445499291719898e-07,
          6.423641707442584e-08,
          1.0,
          0.7415381669998169
        ],
        [
          0.0,
          0.0,
          0.0,
          1.0
        ]
      ]
    },
    {
      "slot": "book-1",
      "asset_id": "robotwin:glb:043_book:0",
      "transform": [
        [
          0.4846210479736328,
          0.8747242093086243,
          0.0,
          0.025331823155283928
        ],
        [
          -0.8747242093086243,
          0.4846210479736328,
          -0.0,
          -0.1424684375524521
        ],
        [
          -0.0,
          0.0,
          1.0,
          0.7412761449813843
        ],
        [
          0.0,
          0.0,
          0.0,
          1.0
        ]
      ]
    },
    {
      "slot": "phone-1",
      "asset_id": "robotwin:glb:077_phone:3",
      "transform": [
        [
          0.9921215176582336,
          -0.12527911365032196,
          6.322811429981812e-08,
          -0.4230031669139862
        ],
        [
          0.12527911365032196,
          0.9921215176582336,
          -5.5746145477542086e-08,
          -0.14104868471622467
        ],
        [
          -5.5746145477542086e-08,
          6.322811429981812e-08,
          1.0,
          0.7413552403450012
        ],
        [
          0.0,
          0.0,
          0.0,
          1.0
        ]
      ]
    }
  ]
}