{
  "version": 2,
  "scenario": "office_desk",
  "scene_id": "015",
  "arrangement": "messy",
  "template": "office_desk",
  "table": {
    "length": 1.2,
    "width": 0.7,
    "height": 0.74,
    "thickness": 0.05
  },
  "table_texture": null,
  "wall_texture": null,
  "manifest": [
    {
      "slot": "laptop-1",
      "role": "laptop",
      "asset_id": "robotwin:glb:015_laptop:1"
    },
    {
      "slot": "mouse-1",
      "role": "mouse",
      "asset_id": "robotwin:glb:047_mouse:1"
    },
    {
      "slot": "pen-1",
      "role": "pen",
      "asset_id": "robotwin:glb:058_markpen:2"
    },
    {
      "slot": "cup-1",
      "role": "cup",
      "asset_id": "robotwin:glb:039_mug:0"
    },
    {
      "slot": "plant-1",
      "role": "plant",
      "asset_id": "robotwin:glb:012_plant-pot:3"
    },
    {
      "slot": "calculator-1",
      "role": "calculator",
      "asset_id": "robotwin:glb:017_calculator:3"
    }
  ],
  "items": [
    {
      "slot": "laptop-1",
      "asset_id": "robotwin:glb:015_laptop:1",
      "transform": [
        [
          0.9486319422721863,
          0.3163817524909973,
          8.749135815833142e-08,
          0.35014548897743225
        ],
        [
          -0.3163817524909973,
          0.9486319422721863,
          1.6695028648427979e-07,
          0.041632674634456635
        ],
        [
          -3.0177076837389905e-08,
          -1.8605504692459363e-07,
          1.0,
          0.8029693365097046
        ],
        [
          0.0,
          0.0,
          0.0,
          1.0
        ]
      ]
    },
    {
      "slot": "mouse-1",
      "asset_id": "robotwin:glb:047_mouse:1",
      "transform": [
        [
          0.696342945098877,
          0.7177091240882874,
          -5.489360432875401e-08,
          -0.06813793629407883
        ],
        [
          -0.7177091240882874,
          0.696342945098877,
          2.322504677465531e-08,
          0.06565936654806137
        ],
        [
          5.489360432875401e-08,
          2.322504677465531e-08,
          1.0,
          0.7406829595565796
        ],
        [
          0.0,
          0.0,
          0.0,
          1.0
        ]
      ]
    },
    {
      "slot": "cup-1",
      "asset_id": "robotwin:glb:039_mug:0",
      "transform": [
        [
          -0.8473974466323853,
          0.5309592485427856,
          7.892349884741634e-09,
          0.14937780797481537
        ],
        [
          -0.5309592485427856,
          -0.8473974466323853,
          1.8832113823918917e-07,
          -0.27020561695098877
        ],
        [
          1.0667879735137831e-07,
          1.553923141273117e-07,
          1.0,
          0.7400000691413879
        ],
        [
          0.0,
          0.0,
          0.0,
          1.0
        ]
      ]
    },
    {
      "slot": "plant-1",
      "asset_id": "robotwin:glb:012_plant-pot:3",
      "transform": [
        [
          0.828235387802124,
          -0.5603803992271423,
          -8.548155960852455e-08,
          0.029800117015838623
        ],
        [
          0.5603803992271423,
          0.828235387802124,
          -2.6201323777286234e-08,
          -0.17387302219867706
        ],
        [
          8.548155960852455e-08,
          -2.6201323777286234e-08,
          1.0,
          0.7417058348655701
        ],
        [
          0.0,
          0.0,
          0.0,
          1.0
        ]
      ]
    },
    {
      "slot": "calculator-1",
      "asset_id": "robotwin:glb:017_calculator:3",
      "transform": [
        [
          0.19855284690856934,
          -0.9800902605056763,
          2.0547750523292052e-07,
          -0.30503398180007935
        ],
        [
          0.9800902605056763,
          0.19855284690856934,
          -6.296240684378063e-08,
          -0.023525018244981766
        ],
        [
          2.0910682962949068e-08,
          2.1388785853559966e-07,
          1.0,
          0.7405312061309814
        ],
        [
          0.0,
          0.0,
          0.0,
          1.0
        ]
      ]
    },
    {
      "slot": "pen-1",
      "asset_id": "robotwin:glb:058_markpen:2",
      "transform": [
        [
          0.8458890318870544,
          -0.5333589315414429,
          -2.1900019298026763e-10,
          -0.3534332513809204
        ],
        [
          0.5333589315414429,
          0.8458890318870544,
          6.637868588121876e-10,
          0.12374520301818848
        ],
        [
          -1.687867762223405e-10,
          -6.78295697387199e-10,
          1.0,
          0.7507927417755127
        ],
        [
          0.0,
          0.0,
          0.0,
          1.0
        ]
      ]
    }
  ]
}