{
  "version": 2,
  "scenario": "office_desk",
  "scene_id": "016",
  "arrangement": "messy",
  "template": "office_desk",
  "table": {
    "length": 1.2,
    "width": 0.7,
    "height": 0.74,
    "thickness": 0.05
  },
  "table_texture": null,
  "wall_texture": null,
  "manifest": [
    {
      "slot": "display-1",
      "role": "display",
      "asset_id": "robotwin:glb:097_screen:0"
    },
    {
      "slot": "keyboard-1",
      "role": "keyboard",
      "asset_id": "robotwin:glb:116_keyboard:0"
    },
    {
      "slot": "mouse-1",
      "role": "mouse",
      "asset_id": "robotwin:glb:047_mouse:2"
    },
    {
      "slot": "pen-1",
      "role": "pen",
      "asset_id": "robotwin:glb:058_markpen:2"
    },
    {
      "slot": "plant-1",
      "role": "plant",
      "asset_id": "robotwin:glb:120_plant:0"
    },
    {
      "slot": "phone-1",
      "role": "phone",
      "asset_id": "robotwin:glb:077_phone:0"
    },
    {
      "slot": "calculator-1",
      "role": "calculator",
      "asset_id": "robotwin:glb:017_calculator:5"
    }
  ],
  "items": [
    {
      "slot": "display-1",
      "asset_id": "robotwin:glb:097_screen:0",
      "transform": [
        [
          1.0,
          1.6399301361325058e-10,
          -1.6527923474285444e-10,
          0.024669824168086052
        ],
        [
          -1.6399301361325058e-10,
          1.0,
          1.35523195531221e-20,
          0.16454102098941803
        ],
        [
          1.6527923474285444e-10,
          1.35523195531221e-20,
          1.0,
          0.7399998903274536
        ],
        [
          0.0,
          0.0,
          0.0,
          1.0
        ]
      ]
    },
    {
      "slot": "keyboard-1",
      "asset_id": "robotwin:glb:116_keyboard:0",
      "transform": [
        [
          -0.7212179899215698,
          -0.6927083730697632,
          7.754810837923287e-08,
          -0.2026759535074234
        ],
        [
          0.6927083730697632,
          -0.7212179899215698,
          3.304117868196954e-08,
          -0.04297225549817085
        ],
        [
          3.304117868196954e-08,
          7.754810837923287e-08,
          1.0,
          0.742760419845581
        ],
        [
          0.0,
          0.0,
          0.0,
          1.0
        ]
      ]
    },
    {
      "slot": "mouse-1",
      "asset_id": "robotwin:glb:047_mouse:2",
      "transform": [
        [
          -0.6372520923614502,
          -0.770655632019043,
          -2.5384441215692277e-08,
          -0.4517704248428345
        ],
        [
          0.770655632019043,
          -0.6372520923614502,
          -5.392904967038703e-08,
          0.037067312747240067
        ],
        [
          2.5384441215692277e-08,
          -5.392904967038703e-08,
          1.0,
          0.7409930229187012
        ],
        [
          0.0,
          0.0,
          0.0,
          1.0
        ]
      ]
    },
    {
      "slot": "pen-1",
      "asset_id": "robotwin:glb:058_markpen:2",
      "transform": [
        [
          -0.998126745223999,
          -0.061181820929050446,
          9.344853779680307e-10,
          0.3232097327709198
        ],
        [
          0.061181820929050446,
          -0.998126745223999,
          8.903815879035548e-11,
          0.19261202216148376
        ],
        [
          9.272872469878735e-10,
          1.4604487064140415e-10,
          1.0,
          0.7507927417755127
        ],
        [
          0.0,
          0.0,
          0.0,
          1.0
        ]
      ]
    },
    {
      "slot": "calculator-1",
      "asset_id": "robotwin:glb:017_calculator:5",
      "transform": [
        [
          0.6358823180198669,
          -0.7717859745025635,
          -1.1998042737104697e-07,
          0.44213244318962097
        ],
        [
          0.7717859745025635,
          0.6358823180198669,
          -5.838458037032979e-07,
          -0.2183111608028412
        ],
        [
          5.268975087346917e-07,
          2.7865800689141906e-07,
          1.0,
          0.7414080500602722
        ],
        [
          0.0,
          0.0,
          0.0,
          1.0
        ]
      ]
    },
    {
      "slot": "phone-1",
      "asset_id": "robotwin:glb:077_phone:0",
      "transform": [
        [
          -0.3652893304824829,
          0.9308940172195435,
          -4.924672936112984e-08,
          -0.3381352722644806
        ],
        [
          -0.9308940172195435,
          -0.3652893304824829,
          -3.357785516300282e-08,
          0.23283664882183075
        ],
        [
          -4.924672936112984e-08,
          3.357785516300282e-08,
          1.0,
          0.741349995136261
        ],
        [
          0.0,
          0.0,
          0.0,
          1.0
        ]
      ]
    },
    {
      "slot": "plant-1",
      "asset_id": "robotwin:glb:120_plant:0",
      "transform": [
        [
          -0.9995038509368896,
          -0.031504515558481216,
          1.489931289455626e-08,
          0.2181473672389984
        ],
        [
          0.031504515558481216,
          -0.9995038509368896,
          -2.347560479343258e-10,
          -0.10578078031539917
        ],
        [
          1.489931289455626e-08,
          2.347560479343258e-10,
          1.0,
          0.7413918972015381
        ],
        [
          0.0,
          0.0,
          0.0,
          1.0
        ]
      ]
    }
  ]
}