{
  "version": 2,
  "scenario": "office_desk",
  "scene_id": "007",
  "arrangement": "messy",
  "template": "office_desk",
  "table": {
    "length": 1.2,
    "width": 0.7,
    "height": 0.74,
    "thickness": 0.05
  },
  "table_texture": null,
  "wall_texture": null,
  "manifest": [
    {
      "slot": "display-1",
      "role": "display",
      "asset_id": "robotwin:glb:097_screen:0"
    },
    {
      "slot": "keyboard-1",
      "role": "keyboard",
      "asset_id": "robotwin:glb:116_keyboard:2"
    },
    {
      "slot": "mouse-1",
      "role": "mouse",
      "asset_id": "robotwin:glb:047_mouse:1"
    },
    {
      "slot": "calculator-1",
      "role": "calculator",
      "asset_id": "robotwin:glb:017_calculator:5"
    }
  ],
  "items": [
    {
      "slot": "display-1",
      "asset_id": "robotwin:glb:097_screen:0",
      "transform": [
        [
          1.0,
          0.0,
          0.0,
          0.02548467367887497
        ],
        [
          0.0,
          1.0,
          0.0,
          0.2102087140083313
        ],
        [
          0.0,
          0.0,
          1.0,
          0.7399998903274536
        ],
        [
          0.0,
          0.0,
          0.0,
          1.0
        ]
      ]
    },
    {
      "slot": "keyboard-1",
      "asset_id": "robotwin:glb:116_keyboard:2",
      "transform": [
        [
          -0.9437925815582275,
          0.33053845167160034,
          0.0,
          0.13920149207115173
        ],
        [
          -0.33053845167160034,
          -0.9437925815582275,
          0.0,
          -0.08124418556690216
        ],
        [
          0.0,
          0.0,
          1.0,
          0.7417619228363037
        ],
        [
          0.0,
          0.0,
          0.0,
          1.0
        ]
      ]
    },
    {
      "slot": "mouse-1",
      "asset_id": "robotwin:glb:047_mouse:1",
      "transform": [
        [
          0.3290563225746155,
          0.9443103075027466,
          0.0,
          0.3388730585575104
        ],
        [
          -0.9443103075027466,
          0.3290563225746155,
          0.0,
          -0.14317460358142853
        ],
        [
          0.0,
          0.0,
          1.0,
          0.7406829595565796
        ],
        [
          0.0,
          0.0,
          0.0,
          1.0
        ]
      ]
    },
    {
      "slot": "calculator-1",
      "asset_id": "robotwin:glb:017_calculator:5",
      "transform": [
        [
          0.3107057809829712,
          0.9505061507225037,
          -2.4126133979507358e-08,
          -0.16704395413398743
        ],
        [
          -0.9505061507225037,
          0.3107057809829712,
          1.7495946025292142e-08,
          -0.209930881857872
        ],
        [
          2.4126133979507358e-08,
          1.7495946025292142e-08,
          1.0,
          0.7414286732673645
        ],
        [
          0.0,
          0.0,
          0.0,
          1.0
        ]
      ]
    }
  ]
}