{
  "version": 2,
  "scenario": "office_desk",
  "scene_id": "007",
  "arrangement": "messy",
  "template": "office_desk",
  "table": {
    "length": 1.2,
    "width": 0.7,
    "height": 0.74,
    "thickness": 0.05
  },
  "table_texture": null,
  "wall_texture": null,
  "manifest": [
    {
      "slot": "display-1",
      "role": "display",
      "asset_id": "robotwin:glb:097_screen:0"
    },
    {
      "slot": "keyboard-1",
      "role": "keyboard",
      "asset_id": "robotwin:glb:116_keyboard:2"
    },
    {
      "slot": "mouse-1",
      "role": "mouse",
      "asset_id": "robotwin:glb:047_mouse:1"
    },
    {
      "slot": "calculator-1",
      "role": "calculator",
      "asset_id": "robotwin:glb:017_calculator:5"
    }
  ],
  "items": [
    {
      "slot": "display-1",
      "asset_id": "robotwin:glb:097_screen:0",
      "transform": [
        [
          1.0,
          1.6399301361325058e-10,
          -1.6527923474285444e-10,
          0.02548467554152012
        ],
        [
          -1.6399301361325058e-10,
          1.0,
          1.35523195531221e-20,
          0.2102087140083313
        ],
        [
          1.6527923474285444e-10,
          1.35523195531221e-20,
          1.0,
          0.7399998903274536
        ],
        [
          0.0,
          0.0,
          0.0,
          1.0
        ]
      ]
    },
    {
      "slot": "keyboard-1",
      "asset_id": "robotwin:glb:116_keyboard:2",
      "transform": [
        [
          -0.4336360692977905,
          0.9010879397392273,
          1.0092865920796612e-07,
          0.1592015027999878
        ],
        [
          -0.9010879397392273,
          -0.4336360692977905,
          6.343702096955894e-08,
          -0.03124419040977955
        ],
        [
          1.0092865920796612e-07,
          -6.343702096955894e-08,
          1.0,
          0.7417621612548828
        ],
        [
          0.0,
          0.0,
          0.0,
          1.0
        ]
      ]
    },
    {
      "slot": "mouse-1",
      "asset_id": "robotwin:glb:047_mouse:1",
      "transform": [
        [
          0.32905614376068115,
          0.9443104267120361,
          -4.858886271108531e-08,
          0.3388730585575104
        ],
        [
          -0.9443104267120361,
          0.32905614376068115,
          3.4522969372119405e-08,
          -0.14317460358142853
        ],
        [
          4.858886271108531e-08,
          3.4522969372119405e-08,
          1.0,
          0.7406829595565796
        ],
        [
          0.0,
          0.0,
          0.0,
          1.0
        ]
      ]
    },
    {
      "slot": "calculator-1",
      "asset_id": "robotwin:glb:017_calculator:5",
      "transform": [
        [
          0.31070566177368164,
          0.9505062699317932,
          -8.42614156226773e-09,
          -0.16704395413398743
        ],
        [
          -0.9505062699317932,
          0.31070566177368164,
          1.5336635783569363e-07,
          -0.209930881857872
        ],
        [
          1.4839372397545958e-07,
          -3.9642706894937874e-08,
          1.0,
          0.7414286732673645
        ],
        [
          0.0,
          0.0,
          0.0,
          1.0
        ]
      ]
    }
  ]
}